192
148
205
248
214
245
224
225
163
220
165
353
186
219
179
285
669
1025
172
199
205
203
179
164
174
113
209
206
212
188
203
207
189
229
211
100
1156
212
248
204
447
170
155
233
164
211
225
161
164
237
199
211
199
465
203
198
540
210
155
202
174
222
281
207
226
207
285
204
258
203
189
214
195
695
230
272
232
251
265
208
231
204
201
227
208
206
216
215
206
210
181
189
194
208
219
396
274
187
208
215
315
275
212
303
232
269
445
238
203
211
157
226
319
198
258
198
262
209
212
209
199
950
242
153
278
205
182
288
178
234
271
104
284
202
245
219
178
234
172
169
213
350
1303
157
169
214
203
495
162
194
214
201
213
229
217
181
200
162
215
162
191
213
234
207
208
1106
175
233
201
202
169
256
219
212
380
219
168
135
164
170
201
219
221
210
214
290
153
218
328
212
205
206
407
199
180
175
192
91
852
203
242
149
295
264
209
203
214
171
180
291
168
205
154
164
186
162
223
169
252
183
169
200
217
196
241
98
226
273
195
226
215
203
204
229
209
211
376
298
224
196
196
284
219
208
212
250
221
309
365
217
229
212
251
203
107
229
198
209
207
299
298
209
165
226
212
204
211
369
203
218
253
256
200
206
253
264
238
196
205
205
172
103
203
193
968
193
149
230
327
198
250
215
106
140
217
231
219
234
208
210
164
172
300
164
232
198
195
301
821
137
281
213
192
227
433
233
248
204
258
223
203
82
170
273
193
210
303
136
205
202
199
294
226
228
217
219
270
205
167
202
225
223
353
912
260
156
180
204
229
233
204
211
240
198
190
207
248
251
186
131
214
260
163
278
230
198
217
214
531
221
220
97
208
212
227
202
1105
217
225
229
212
325
254
254
296
201
238
233
202
208
218
295
203
208
271
262
242
213
351
186
177
256
207
206
253
207
203
213
170
203
174
231
294
227
207
253
376
215
198
236
191
155
177
204
330
202
266
157
233
208
188
207
181
246
207
103
217
246
539
236
206
242
222
169
214
225
196
201
208
223
248
216
194
231
422
191
212
231
238
209
235
216
205
220
203
227
152
468
231
238
195
247
210
207
167
203
215
683
256
215
188
168
170
904
163
168
212
170
191
204
178
193
218
1189
213
555
213
1093
217
194
189
247
229
293
174
311
257
233
176
203
263
230
155
205
964
191
343
248
227
202
206
188
237
259
158
161
211
210
155
164
261
216
186
170
150
151
175
185
203
312
267
207
173
206
203
861
233
206
1225
240
213
200
236
293
322
211
202
489
285
232
198
525
209
206
242
456
104
237
220
213
207
188
189
262
211
202
359
183
236
160
206
188
296
206
121
162
173
238
217
214
214
204
167
228
239
286
211
303
200
194
199
232
202
383
233
201
214
168
229
207
250
189
209
206
214
199
255
200
244
170
231
220
350
456
228
205
214
227
208
214
109
199
222
237
313
622
284
286
1265
231
195
160
232
362
217
176
175
289
222
214
419
362
210
273
283
202
283
481
161
225
282
199
212
134
216
100
315
147
168
214
220
217
222
169
196
254
121
837
205
207
334
212
312
145
246
205
192
506
208
202
168
218
172
232
157
211
203
191
236
258
595
272
646
232
229
203
111
235
200
208
155
240
206
170
157
214
228
200
218
164
289
360
260
289
227
260
161
200
263
229
311
204
212
205
194
267
220
217
211
201
208
203
237
216
232
111
103
105
191
215
155
222
236
119
198
263
228
215
182
230
239
148
363
165
473
162
216
119
203
206
228
285
260
353
197
202
157
157
374
204
200
237
103
224
161
185
188
257
225
123
167
182
219
157
204
218
213
222
301
156
182
232
216
201
259
261
184
200
165
110
242
126
202
435
247
219
208
327
205
224
165
215
132
218
1050
257
203
260
198
219
252
215
224
232
222
125
213
212
215
212
208
236
199
218
211
266
210
191
194
215
182
184
192
221
285
244
174
272
140
272
229
253
154
198
181
148
199
378
255
199
990
142
214
212
252
234
237
245
205
284
545
182
227
231
365
275
282
270
209
199
626
191
203
202
283
433
177
155
167
197
349
209
185
203
191
247
200
142
277
273
189
269
207
213
300
209
180
205
201
219
169
217
222
203
204
227
203
255
151
248
203
223
205
204
211
188
168
238
224
109
237
237
265
179
267
291
454
222
255
230
160
212
200
221
197
230
240
208
223
201
84
143
222
222
223
129
275
144
178
269
163
531
211
212
89
338
208
1204
207
197
135
162
204
209
641
188
200
371
226
217
497
130
208
228
201
193
1028
323
192
286
177
284
205
166
254
166
170
149
228
137
223
210
168
259
206
216
236
205
222
198
209
245
192
205
175
188
209
199
205
401
219
292
259
154
167
177
246
213
205
207
209
215
229
348
190
249
171
216
224
192
118
224
231
220
211
268
202
543
165
811
250
205
329
300
249
227
208
211
116
163
267
663
199
246
1044
466
178
211
215
186
170
168
443
233
207
232
192
324
193
162
219
169
276
213
196
91
251
211
197
245
261
222
244
243
198
249
192
234
219
255
232
351
180
215
205
210
343
709
132
210
169
213
208
225
204
123
184
514
166
390
203
248
281
382
177
202
100
213
209
221
227
178
146
187
408
227
189
454
253
184
157
244
293
229
210
231
247
212
274
203
273
201
243
273
166
181
201
206
209
187
203
477
191
170
200
143
163
211
263
268
232
161
200
182
199
249
251
174
242
196
206
177
403
213
197
189
286
233
233
663
263
180
191
198
147
201
220
220
82
207
255
219
231
158
357
263
188
162
170
295
246
196
205
174
240
168
232
185
236
203
202
203
460
375
163
172
213
308
225
167
159
131
236
295
158
163
140
200
727
175
243
219
239
180
202
128
227
223
146
236
231
265
127
189
165
264
235
191
146
205
1329
215
190
217
171
231
205
144
199
160
204
349
169
294
173
234
208
469
195
114
425
270
910
202
174
154
222
217
242
172
205
249
198
222
223
172
183
198
150
175
202
200
156
204
601
491
210
219
205
178
165
172
145
204
217
219
177
165
214
181
206
293
194
176
225
245
214
96
199
183
134
242
143
200
271
236
201
215
163
185
201
213
185
182
189
134
241
314
160
205
235
235
640
215
223
235
199
208
206
257
247
799
212
283
249
243
251
223
274
317
204
223
287
196
190
199
317
254
217
248
223
218
218
206
223
198
141
226
187
157
215
268
195
330
212
334
277
199
203
240
163
197
201
210
256
264
248
315
171
1203
218
664
209
215
221
202
313
474
205
234
217
256
187
232
223
227
258
212
201
365
520
230
297
213
193
211
219
816
218
202
225
265
221
238
239
198
147
233
233
278
206
248
304
184
214
214
550
221
636
218
214
228
186
231
215
107
174
241
200
279
245
167
138
155
220
190
259
240
231
212
217
205
288
183
164
271
232
198
1345
475
198
218
1346
148
210
197
237
147
104
210
109
206
186
200
218
202
198
271
547
173
209
220
217
1096
176
149
203
213
182
226
232
216
683
232
170
161
145
180
200
193
165
167
198
205
287
233
229
198
251
233
915
277
236
211
211
156
170
161
214
174
158
138
286
150
226
173
187
178
189
235
212
171
121
202
219
187
310
227
219
202
200
193
246
221
227
207
230
269
201
179
247
213
193
201
270
128
163
184
290
201
270
227
197
302
200
258
157
195
206
223
750
261
199
207
211
270
252
189
270
90
209
201
438
187
308
144
325
262
207
226
248
272
223
197
218
188
168
267
214
168
176
200
200
250
306
220
278
204
203
207
283
222
210
233
222
296
535
210
206
230
367
175
203
223
187
216
226
254
211
167
213
377
582
865
158
341
234
189
264
187
332
159
170
309
204
148
335
172
194
205
103
176
201
211
217
262
167
263
160
228
187
198
181
252
239
167
206
231
122
174
1041
342
287
204
146
142
184
179
937
319
202
319
234
269
209
209
209
137
245
236
145
668
225
151
129
209
189
198
233
201
256
238
287
184
259
249
187
274
151
213
96
150
214
219
193
173
281
207
235
235
213
214
157
180
167
208
146
926
171
352
204
174
191
181
101
239
210
161
300
134
206
231
200
242
190
285
189
187
190
371
108
208
918
235
272
205
198
218
239
207
191
205
193
231
275
228
156
228
257
159
200
266
332
210
198
231
197
142
150
166
204
205
235
288
243
213
207
231
218
243
340
103
209
222
194
167
233
207
184
252
204
202
855
184
165
400
209
212
153
248
169
218
205
234
248
215
227
205
311
220
153
208
246
159
735
248
207
199
261
156
220
126
221
207
244
201
525
288
198
204
193
202
328
196
281
205
189
196
228
219
320
166
295
287
192
247
201
1048
235
259
212
323
236
460
126
200
202
212
179
205
207
163
187
258
210
243
223
198
216
253
225
213
183
229
213
210
189
100
233
243
214
234
217
202
205
116
185
183
190
266
218
196
241
256
206
211
200
231
233
733
199
186
240
418
196
202
162
353
196
95
248
209
218
249
208
225
205
220
385
294
254
261
242
215
203
196
225
146
195
158
248
285
222
210
589
210
159
211
237
193
414
210
93
165
729
663
175
158
909
274
198
206
312
263
184
199
193
199
206
202
595
228
117
234
219
199
647
188
124
279
182
166
199
234
184
184
229
444
182
197
176
208
195
260
160
222
241
364
226
220
212
215
251
194
210
240
100
255
199
133
265
245
214
133
255
259
217
185
152
159
83
199
241
558
224
424
206
487
180
281
151
419
230
213
265
158
244
274
501
202
231
227
256
211
149
114
223
189
234
217
219
204
153
194
166
340
221
211
199
145
202
296
83
104
217
179
127
199
253
292
191
262
285
255
224
184
233
112
198
227
211
190
244
195
205
206
193
211
173
202
179
201
212
141
348
124
286
191
318
227
225
241
225
211
842
272
208
166
272
317
168
215
226
197
200
769
274
212
223
287
528
207
160
303
199
212
203
244
209
185
242
219
185
168
200
197
212
730
308
213
216
188
535
291
219
198
307
222
156
413
249
214
195
169
742
272
188
230
230
224
294
237
242
173
168
189
207
234
201
267
254
342
98
302
194
243
205
232
210
257
206
215
151
207
221
610
235
187
213
834
182
199
695
217
210
206
223
180
196
211
184
194
209
233
306
216
789
1278
250
260
267
242
241
282
192
203
173
199
194
200
212
243
207
202
245
227
210
205
231
180
165
554
266
268
996
210
201
250
224
212
246
207
214
73
218
225
198
293
224
243
203
264
207
582
206
272
205
162
255
203
214
237
134
205
219
274
617
247
240
377
207
304
196
118
225
310
250
234
201
254
213
150
216
209
206
224
202
275
256
223
222
197
166
229
446
222
207
270
207
143
202
195
157
252
204
209
202
270
249
201
203
209
169
210
225
168
252
189
209
232
195
195
269
189
135
226
285
209
203
182
130
256
136
243
197
213
204
185
212
197
161
311
228
211
159
190
207
237
200
198
193
281
335
145
335
256
227
281
201
233
161
1102
129
166
205
288
202
203
207
200
231
239
199
197
206
247
210
239
217
259
186
248
252
217
193
211
223
237
208
147
231
180
209
247
231
201
207
466
381
225
226
211
219
205
207
203
222
204
204
164
317
217
219
206
226
194
173
233
132
190
208
672
271
213
203
329
267
228
223
274
208
224
210
268
159
195
274
196
316
243
159
251
241
236
443
190
403
206
421
209
153
230
219
201
290
216
194
203
226
196
206
210
130
1041
168
195
193
221
211
163
211
226
222
208
143
182
205
204
193
243
206
223
240
251
459
147
211
204
267
212
224
224
210
236
208
268
174
235
203
204
249
202
236
311
189
306
215
186
183
206
196
465
174
190
106
1280
375
203
170
214
261
253
158
136
112
213
269
86
186
211
229
261
240
147
247
206
258
185
201
314
239
220
194
193
334
245
259
208
205
214
333
256
234
164
290
220
193
105
981
169
263
183
238
206
223
257
344
283
226
163
162
179
147
168
268
294
873
262
271
217
223
396
264
207
203
297
225
227
203
217
332
216
126
901
212
189
236
151
158
140
244
206
185
368
200
228
234
290
208
191
262
234
258
274
225
204
239
226
232
185
147
202
227
201
275
197
290
250
211
234
176
169
205
556
230
198
251
265
150
1365
377
282
176
208
214
308
220
1320
213
201
1095
142
222
197
202
418
231
239
202
182
152
236
229
250
133
213
193
308
193
211
258
262
103
236
231
208
210
208
287
198
219
213
396
321
187
215
182
250
227
245
220
206
236
169
238
247
184
206
253
161
199
156
109
197
147
229
151
257
253
97
232
173
187
98
225
226
193
203
193
209
201
169
103
206
187
217
242
200
281
172
205
149
180
266
186
158
246
174
211
217
181
230
178
325
573
220
178
223
231
202
244
141
224
3262
237
1208
191
270
425
193
203
96
184
261
197
93
321
162
211
169
208
210
266
261
281
213
228
213
218
176
184
251
203
335
249
550
210
209
615
235
572
103
213
159
251
260
206
185
192
289
289
225
270
252
1625
213
197
208
173
170
220
227
213
217
234
206
368
281
245
172
170
206
172
209
320
148
211
208
238
135
202
199
207
330
209
206
168
146
215
161
214
483
461
156
163
283
151
226
155
213
202
171
323
192
828
286
164
227
211
192
459
161
219
313
231
203
194
207
1217
189
346
214
203
257
885
257
198
208
176
202
198
226
181
284
208
206
218
200
200
568
283
284
191
195
209
135
217
376
229
227
249
213
241
215
257
207
200
247
193
150
213
247
216
249
245
221
196
177
165
207
194
205
391
185
158
214
206
164
202
225
232
212
196
203
203
244
213
197
198
263
119
210
410
204
257
207
203
255
164
148
213
649
102
280
228
435
163
202
232
156
244
166
206
169
567
168
192
212
189
164
260
163
527
202
244
202
199
175
258
232
246
180
215
185
276
132
239
1114
208
232
196
222
232
213
273
205
193
219
166
207
222
208
204
213
240
218
220
246
221
149
212
203
165
464
288
166
205
236
263
206
209
159
210
177
231
232
205
257
129
222
217
201
191
226
373
232
208
210
442
200
195
228
206
200
217
874
215
216
387
837
233
274
218
249
772
207
230
223
221
214
247
406
184
225
213
202
208
232
205
211
209
254
261
212
201
241
457
259
208
228
292
103
217
209
288
182
207
204
193
214
199
209
203
251
179
229
209
222
206
174
248
394
199
197
273
208
260
621
195
208
212
209
216
210
232
241
196
244
212
223
197
285
226
236
217
256
231
221
207
195
205
171
237
241
190
205
225
211
259
212
187
224
230
251
201
268
217
259
112
201
208
201
154
99
203
238
238
213
203
237
214
212
208
345
214
545
251
212
185
321
222
240
221
197
804
1638
355
249
206
203
221
241
316
206
192
207
208
223
165
186
284
187
297
201
215
213
180
215
199
205
235
249
239
230
236
234
159
172
232
206
401
205
156
207
231
266
204
215
177
195
208
165
232
125
233
226
156
207
219
299
317
175
234
276
209
210
252
213
253
144
232
216
216
198
101
141
201
235
355
244
202
292
157
142
165
188
201
214
165
184
245
205
215
234
209
254
227
137
103
241
202
304
193
232
200
245
312
183
224
404
273
220
204
151
247
180
158
199
229
165
196
197
551
260
177
216
210
179
199
296
975
282
214
230
259
164
689
227
170
254
172
1174
175
212
174
219
214
194
506
337
196
184
152
198
212
187
195
427
248
256
138
299
203
266
205
206
366
210
220
223
154
266
253
208
206
139
215
199
142
209
204
176
99
235
634
214
257
196
196
192
115
225
217
174
212
234
151
165
207
205
1019
258
208
262
255
192
207
202
209
207
188
250
265
231
202
284
225
185
208
154
208
192
180
196
225
286
258
209
208
206
205
159
168
207
188
210
221
252
208
154
286
206
246
197
214
185
118
217
202
279
171
165
225
229
199
575
207
245
175
262
248
199
468
220
163
212
166
213
295
214
228
204
392
189
207
200
205
453
420
229
203
198
218
135
266
221
208
216
226
228
259
182
239
178
205
254
236
199
163
221
207
230
97
190
203
672
356
649
216
274
415
210
248
272
186
225
227
235
289
167
203
197
215
221
196
309
213
227
268
212
212
204
201
631
218
193
701
255
170
277
241
268
279
201
168
253
191
200
214
343
209
204
197
197
229
298
105
176
280
212
209
182
199
175
178
210
308
236
214
231
484
203
116
278
214
216
202
872
410
604
188
177
200
224
278
275
102
214
213
213
165
266
187
183
218
203
232
207
194
205
342
160
210
231
195
241
158
233
209
195
214
174
207
502
244
204
245
188
955
238
209
255
258
235
218
207
758
192
230
206
227
216
247
259
248
221
232
166
376
250
211
213
178
349
170
194
196
293
285
268
256
194
258
207
205
257
208
201
1036
182
204
387
154
220
130
264
198
197
307
258
185
211
223
211
215
169
223
203
401
216
211
218
822
149
235
172
232
190
207
231
224
219
200
208
471
195
169
185
205
222
166
225
230
207
226
610
213
170
207
254
198
196
98
291
236
210
336
341
150
231
219
259
144
201
245
138
232
198
140
212
241
209
147
195
261
257
191
621
414
348
232
222
248
192
245
723
281
211
226
209
207
210
264
266
208
207
208
220
125
209
221
131
196
200
205
203
552
218
371
258
569
165
210
200
220
222
286
218
215
288
203
624
210
182
277
213
234
261
202
192
274
214
210
127
144
210
213
191
218
239
223
207
225
235
189
271
208
297
199
253
203
195
260
188
209
202
217
223
289
246
231
251
266
206
216
212
228
209
258
201
230
907
149
214
199
227
210
1044
217
234
203
204
312
203
196
176
230
142
202
178
230
229
181
257
229
922
277
229
419
269
450
184
204
161
287
208
192
231
212
326
238
168
140
177
191
196
258
216
127
197
269
212
235
251
211
160
191
213
234
194
176
1385
220
233
171
161
215
244
205
591
185
166
1258
247
205
157
211
217
215
217
213
267
139
169
188
178
164
207
210
277
191
188
214
200
255
206
216
206
255
309
168
235
244
203
231
286
193
564
227
197
278
233
193
209
215
235
165
178
230
312
252
233
209
199
225
206
200
242
188
204
202
452
929
199
168
172
233
985
214
230
197
202
169
265
179
230
199
206
172
320
203
224
228
206
178
191
239
374
152
592
204
264
143
237
200
266
226
132
208
201
265
160
158
331
216
175
156
201
199
1053
186
209
213
204
241
249
208
406
258
221
247
207
175
219
207
237
153
203
233
198
221
167
248
358
216
182
153
238
213
296
183
214
195
283
249
200
239
259
219
200
237
167
231
290
215
176
196
222
113
115
243
219
127
211
185
235
199
343
224
221
198
382
96
257
243
883
227
209
226
218
185
158
1046
161
230
261
203
181
201
233
177
256
240
191
164
171
210
207
203
245
251
402
164
156
218
200
825
186
229
197
226
201
207
154
195
194
194
167
243
203
206
915
204
221
295
278
250
183
220
199
769
548
254
902
174
163
195
240
189
196
158
210
209
191
170
147
232
230
203
227
362
219
190
210
271
727
211
241
230
215
204
248
90
209
203
184
581
183
154
165
235
251
297
169
182
257
489
211
638
225
890
115
211
206
353
182
251
146
209
181
196
264
174
264
199
159
239
251
153
111
218
528
136
252
239
229
200
220
203
168
205
212
178
232
89
206
203
207
206
210
203
269
275
201
165
198
208
346
136
277
184
204
205
197
285
160
106
227
267
207
196
196
1114
171
287
268
178
185
207
269
206
207
116
226
226
205
209
196
202
1023
168
156
251
218
330
151
215
211
217
223
184
239
205
210
169
190
168
188
215
179
205
209
204
209
192
179
235
256
190
250
208
414
156
155
229
218
217
158
289
167
156
213
254
283
197
242
192
214
173
230
249
871
248
153
359
250
183
466
189
242
211
103
188
210
210
209
437
258
234
201
205
257
166
116
93
293
138
96
199
203
182
195
161
199
228
228
170
206
178
210
172
232
216
730
171
112
194
204
356
511
161
265
221
152
285
195
243
238
198
162
191
171
146
198
173
204
155
203
173
212
250
225
212
198
163
223
282
361
290
213
245
212
638
163
234
156
161
196
222
210
150
203
201
387
200
270
206
244
269
240
201
654
208
199
332
219
153
264
371
210
188
195
197
230
193
202
210
214
1040
208
351
170
287
205
222
221
183
184
229
228
235
205
274
225
228
246
272
194
204
216
164
194
214
216
230
208
233
241
115
263
250
184
833
140
658
199
469
209
216
199
218
214
271
1050
197
162
181
495
634
582
151
199
249
201
149
219
229
191
196
266
373
200
249
205
267
281
208
233
236
154
186
160
269
271
666
369
261
256
235
278
160
235
220
205
276
159
232
202
278
210
216
632
189
352
216
291
228
237
232
208
212
204
210
131
222
167
207
213
296
110
210
234
233
260
369
228
159
209
137
204
260
215
189
299
206
208
209
235
239
367
173
226
214
268
196
371
996
205
201
265
185
274
203
232
169
202
197
178
206
211
234
199
198
185
237
226
369
209
251
179
166
199
208
238
190
249
200
188
218
189
383
240
210
212
315
218
268
426
244
268
203
266
162
264
252
199
197
217
163
209
219
213
207
206
203
208
234
167
215
222
414
210
241
209
281
215
217
213
201
204
197
222
233
266
211
189
203
131
193
312
204
158
779
253
277
141
169
202
188
152
196
234
174
220
372
171
204
264
148
211
227
192
213
202
323
207
207
218
223
215
286
160
264
143
594
297
260
208
172
232
207
205
208
204
197
134
202
202
198
367
243
215
209
163
159
249
349
378
271
177
245
210
201
218
212
179
191
250
275
888
180
210
247
241
167
191
211
214
210
211
175
197
307
184
259
223
279
209
255
209
293
195
183
171
192
162
171
189
146
234
209
211
219
256
237
194
236
234
203
98
227
218
228
210
192
182
166
230
204
261
242
300
214
108
257
212
203
224
317
224
213
165
200
700
163
210
260
207
263
216
745
245
208
270
279
189
206
192
174
241
219
206
154
227
256
280
205
169
182
188
262
242
298
213
260
201
210
212
213
212
192
743
186
216
208
331
240
231
226
278
226
207
229
433
249
231
669
160
237
194
158
329
269
192
181
314
350
463
397
241
257
325
310
207
202
171
222
211
212
221
158
256
222
183
200
250
200
182
227
165
191
198
234
175
131
1156
206
213
193
237
217
224
234
266
228
196
160
169
265
142
158
207
229
197
222
208
167
177
202
233
296
183
200
171
168
132
157
202
239
233
228
239
152
309
192
208
129
157
211
192
174
243
233
172
163
217
205
200
193
279
272
277
202
162
204
141
234
242
304
408
99
265
231
201
200
272
207
271
216
200
218
204
632
231
197
264
279
140
259
205
205
216
179
625
193
166
200
211
236
269
382
201
203
135
182
209
255
201
206
165
223
201
220
186
210
206
161
195
220
221
531
186
233
252
169
186
228
349
258
222
161
283
206
161
203
300
164
213
199
199
201
202
257
546
163
866
177
204
134
207
233
185
100
259
158
223
198
182
197
270
159
356
212
306
273
95
225
191
218
164
234
122
241
176
504
173
208
1084
154
228
159
211
146
191
218
168
246
205
605
204
214
194
202
146
197
162
218
191
191
224
191
96
276
221
209
354
131
196
212
194
206
214
143
197
168
419
253
200
196
207
194
166
232
179
552
160
204
184
613
202
215
223
157
493
208
174
204
977
246
175
179
246
182
210
204
216
194
165
426
238
218
212
231
341
234
203
182
265
213
420
187
240
208
192
210
866
99
255
212
545
228
204
211
203
200
644
213
228
181
211
257
237
256
193
209
234
513
211
211
214
221
204
162
188
244
205
334
141
158
199
274
207
202
222
233
291
201
179
1024
311
221
168
227
214
216
272
200
259
214
209
230
96
277
217
214
159
220
220
230
259
227
225
220
229
188
255
261
205
217
195
229
226
238
223
198
235
236
240
224
264
173
205
200
203
218
208
233
218
207
311
177
206
128
1078
199
220
207
311
200
331
214
168
210
121
197
198
306
224
204
223
230
203
96
298
206
239
473
269
209
219
227
212
196
201
160
223
204
206
196
210
731
233
208
195
248
208
302
285
237
357
206
223
201
596
136
211
252
188
242
99
195
320
276
158
202
192
189
163
184
176
201
233
206
213
227
175
289
211
178
101
149
200
254
235
159
670
345
237
215
203
198
237
170
205
203
207
238
229
203
224
103
240
177
212
478
264
164
178
223
247
192
408
160
212
164
173
221
211
668
174
118
166
197
181
278
333
223
194
177
205
221
261
292
182
198
278
214
239
239
208
198
163
305
220
332
210
199
240
209
212
210
187
189
223
260
269
226
166
215
218
265
370
199
211
207
149
130
248
203
228
205
172
222
216
205
201
199
196
214
242
317
275
185
247
214
180
196
215
211
245
223
166
209
227
208
232
495
238
186
159
224
281
148
223
223
183
202
212
87
176
195
241
166
252
215
212
187
199
193
237
238
224
257
263
205
213
225
207
333
184
253
215
238
353
209
272
112
247
219
135
144
285
206
214
213
246
296
170
273
194
244
195
231
203
190
232
414
223
347
159
243
200
326
213
289
246
758
216
180
204
226
223
205
178
125
203
194
209
228
172
157
288
170
194
216
221
275
257
150
210
199
213
217
192
204
316
212
245
171
223
192
236
275
137
159
240
216
102
189
152
124
207
252
326
235
208
391
217
243
215
184
228
205
175
200
201
146
201
148
243
559
103
282
169
138
222
207
242
204
538
209
246
219
235
602
245
243
266
199
203
197
199
213
208
220
207
212
214
297
151
219
277
229
189
147
202
205
525
150
207
210
209
224
197
207
218
671
252
200
409
216
94
288
176
184
209
190
185
203
211
204
203
217
218
228
251
232
246
210
205
270
182
255
216
207
232
238
127
180
214
163
228
474
220
799
208
195
211
234
226
263
238
231
365
197
199
166
200
199
223
254
154
265
233
292
227
191
215
215
159
208
264
233
208
216
681
212
263
198
212
102
170
220
206
187
193
159
155
217
386
202
243
211
183
193
177
215
212
318
205
212
255
209
228
271
221
177
302
206
259
112
216
256
209
226
209
450
386
209
235
198
235
269
240
219
540
218
399
218
194
212
236
184
406
203
170
175
236
243
227
224
215
202
218
199
209
270
185
490
760
172
199
238
198
205
205
228
194
219
195
201
390
257
205
1024
158
193
225
204
215
179
107
153
429
202
211
214
296
329
158
202
539
216
146
209
293
262
213
398
200
198
225
230
257
205
193
205
210
169
157
247
213
200
275
288
203
243
214
262
184
236
212
167
169
210
208
524
235
204
214
408
205
143
196
195
184
281
206
252
230
346
396
804
323
224
217
233
203
219
211
648
208
235
268
708
202
194
220
207
213
207
204
217
158
225
221
230
173
298
162
209
348
216
316
202
279
216
209
280
210
281
201
197
267
220
236
193
251
201
226
204
196
208
204
214
102
241
194
253
300
197
384
244
362
207
201
182
224
152
219
183
194
244
166
199
202
174
205
162
216
149
203
198
230
193
215
148
203
156
203
136
239
199
202
204
277
210
262
154
685
143
202
197
214
148
245
230
198
173
271
257
228
194
196
203
247
220
189
224
165
228
245
195
169
207
252
432
222
241
185
169
815
154
162
248
237
203
321
242
192
545
215
239
215
208
170
257
208
228
215
149
208
229
197
211
178
202
171
197
204
174
384
209
396
208
212
165
264
204
215
197
214
224
214
214
216
150
166
208
253
100
172
276
277
212
199
201
217
658
199
959
224
181
217
200
223
235
215
198
235
254
319
197
227
223
195
256
213
139
252
888
213
766
235
242
237
146
289
221
169
166
378
344
225
206
186
274
210
253
201
231
162
225
194
230
201
132
196
131
503
236
190
190
187
179
295
1031
148
248
205
201
196
262
95
205
360
166
206
273
220
518
263
232
270
159
205
169
203
229
225
166
200
224
206
184
150
120
229
187
153
179
284
208
220
240
122
210
662
556
133
799
228
217
320
180
225
211
186
189
206
210
206
225
218
206
255
101
144
185
216
221
650
183
193
203
204
155
425
263
109
205
297
177
227
257
145
150
231
262
201
195
293
211
309
207
144
226
223
209
225
195
702
193
216
179
191
166
228
206
208
331
250
209
214
134
208
178
355
285
272
141
190
213
195
222
205
166
263
226
213
213
216
210
197
331
221
228
243
178
767
230
225
238
179
242
207
267
200
248
431
297
182
226
203
223
215
261
260
176
257
251
214
313
218
214
210
215
156
186
223
302
218
206
209
222
201
203
218
200
204
216
203
192
167
218
199
132
275
256
633
542
239
254
279
240
721
249
128
251
186
921
204
190
203
201
254
387
211
197
216
206
231
346
235
231
158
190
103
188
440
163
153
224
190
208
205
181
211
222
259
247
233
205
503
199
200
252
191
194
197
214
265
210
199
217
197
218
202
249
327
180
168
131
201
240
255
231
201
205
204
197
239
236
211
190
182
225
209
326
213
164
723
284
192
1085
289
231
204
149
215
312
258
209
279
204
196
208
210
218
211
246
209
249
307
173
106
193
206
144
165
221
186
472
375
225
217
342
225
207
209
322
211
166
214
203
185
217
180
254
528
208
258
167
203
207
203
177
179
170
396
179
198
200
1140
279
245
200
247
1136
211
179
222
198
467
271
217
235
229
203
178
215
80
225
199
222
203
236
260
132
218
95
279
273
212
203
111
204
156
211
409
258
250
201
246
210
241
209
205
210
222
233
177
120
1166
209
190
228
212
134
219
201
234
301
427
218
240
170
244
217
214
190
244
168
222
193
246
201
207
259
171
313
205
244
179
230
190
164
254
340
168
200
215
182
209
173
224
152
217
214
176
276
196
342
207
173
219
216
237
195
210
215
221
143
189
256
254
216
163
205
172
203
225
202
236
284
164
233
214
548
262
202
233
186
204
192
565
181
213
180
197
278
201
203
171
382
172
183
215
204
194
196
184
129
236
212
209
244
353
182
208
178
191
285
692
224
363
202
230
210
214
139
324
271
179
186
198
123
235
541
161
217
214
231
294
206
202
222
168
216
221
194
204
237
265
266
183
197
142
211
521
280
214
206
233
205
163
160
178
227
194
171
335
175
206
150
202
203
208
206
216
214
242
281
164
616
213
194
258
228
207
164
268
206
204
286
295
203
173
220
133
210
183
217
206
212
240
860
219
626
212
211
134
190
171
146
219
206
977
214
232
204
263
158
323
200
204
224
821
249
286
202
209
216
273
810
152
510
234
180
376
263
245
134
235
215
241
286
166
222
1257
206
238
170
335
255
218
255
254
213
198
219
91
204
303
155
210
280
101
199
190
222
328
167
217
231
259
313
181
165
182
308
209
215
226
191
192
253
209
304
182
220
213
243
674
202
312
209
193
221
199
404
248
619
195
174
173
154
198
202
270
241
193
574
208
137
203
220
215
865
164
232
351
410
190
226
230
200
206
176
148
194
219
189
228
158
213
156
212
224
200
226
220
230
319
205
237
1260
99
196
376
200
190
168
198
272
251
458
224
198
238
350
234
172
207
142
231
187
206
207
271
183
1172
159
205
218
618
242
180
196
172
220
204
589
219
158
218
206
255
492
262
241
235
225
178
194
194
173
180
264
212
188
198
266
217
192
166
189
217
216
306
206
206
265
211
150
426
262
201
313
205
186
1167
165
237
733
144
248
194
197
230
228
196
94
293
216
189
443
172
169
196
245
191
248
255
187
174
148
334
186
176
221
205
201
215
240
266
342
207
212
214
236
220
207
202
367
214
210
212
212
322
200
225
201
198
163
201
337
225
201
217
273
213
270
229
202
414
289
245
574
173
225
203
203
201
149
232
256
204
170
205
228
482
264
265
203
231
264
202
232
269
204
292
197
197
222
965
217
303
210
267
212
204
179
222
228
223
277
259
167
138
282
226
211
473
239
234
202
631
229
200
215
2014
165
201
240
207
188
199
182
209
202
335
292
212
283
550
165
266
225
212
219
261
172
180
240
165
192
239
266
183
236
154
131
97
321
239
232
226
208
207
149
198
173
217
298
203
263
207
162
223
251
212
245
212
208
1806
1330
270
272
225
215
202
269
199
227
223
143
173
232
193
225
182
112
135
201
1201
144
158
193
201
290
201
180
260
224
214
147
214
191
268
233
161
230
125
216
210
223
200
215
202
130
214
102
160
209
323
162
164
102
213
214
240
227
243
213
202
193
171
168
218
225
212
220
184
175
202
209
208
200
291
191
213
171
261
201
181
222
216
209
197
322
215
235
258
200
261
217
170
199
221
202
602
146
180
157
176
234
236
213
242
211
211
199
385
196
249
208
210
209
181
206
422
247
172
256
197
222
883
488
216
201
264
196
107
212
211
269
199
219
210
180
218
161
234
206
210
224
200
290
236
198
209
183
533
238
147
347
235
265
170
165
252
299
259
240
213
356
147
214
184
194
214
175
207
303
205
166
205
237
221
239
220
216
167
214
201
245
146
166
223
168
208
256
211
299
181
207
185
276
193
857
262
178
231
217
235
230
163
250
185
232
229
127
153
226
232
206
257
212
214
250
213
222
233
270
264
200
184
200
105
133
204
155
490
96
178
273
209
379
288
198
232
195
158
210
181
202
193
212
